351
383
191
79
242
232
377
417
100
190
460
423
350
169
96
104
157
175
253
259
140
51
142
117
92
76
278
297
12
420
318
311
116
466
368
184
472
206
445
285
251
35
5
83
363
3
428
42
152
199
53
254
200
233
204
464
193
229
82
430
187
196
68
319
242
152
369
218
443
201
360
269
143
360
442
425
425
247
313
29
469
92
411
101
103
384
354
362
169
320
172
59
177
414
337
251
27
314
376
194
343
451
227
237
396
434
27
451
176
318
143
434
268
423
197
15
416
362
7
114
369
193
33
226
439
348
21
13
273
223
391
483
343
346
74
354
303
92
300
415
105
244
338
207
54
412
457
129
472
24
250
72
115
341
116
252
428
419
127
243
479
172
117
382
332
136
121
306
454
483
310
477
335
489
317
362
469
330
487
294
495
345
314
128
336
307
449
304
464
231
288
267
488
284
175
179
133
495
16
215
30
317
3
79
431
45
269
314
226
393
281
47
404
39
388
78
153
68
437
212
229
496
185
111
494
323
403
458
147
136
10
212
496
253
42
275
449
376
462
215
49
469
209
328
415
173
428
402
248
303
267
9
232
481
163
214
428
230
287
442
329
403
273
73
434
297
220
209
412
446
56
45
26
335
142
341
337
282
313
177
90
52
67
26
108
492
273
285
270
264
287
39
0
292
251
170
130
437
463
11
93
431
347
172
70
135
241
301
458
264
321
402
196
60
281
52
427
112
306
34
447
434
177
427
119
255
96
67
322
425
74
7
455
274
214
117
267
240
417
304
313
241
30
236
148
391
126
499
189
184
437
82
393
67
3
276
411
132
162
288
483
470
113
217
162
133
262
246
6
186
358
28
327
343
437
489
200
103
469
147
83
22
27
338
451
111
184
79
252
387
55
434
198
268
89
222
343
402
347
473
308
321
252
363
199
452
466
141
274
386
142
175
80
272
332
121
89
7
237
151
53
488
192
264
266
126
197
102
10
450
409
473
279
106
291
330
334
185
388
266
72
100
381
476
137
331
263
243
499
414
352
253
206
110
245
482
186
96
361
253
458
153
135
166
373
477
340
424
423
118
180
165
57
184
255
421
434
323
62
332
373
13
35
333
376
191
418
136
276
198
449
478
156
267
135
16
228
249
198
390
